[gd_scene load_steps=4 format=2]

[ext_resource path="res://Player/Player.gd" type="Script" id=1]

[sub_resource type="CapsuleMesh" id=1]

[sub_resource type="CapsuleShape" id=2]

[node name="Player" type="KinematicBody"]
collision_layer = 2
collision_mask = 5
script = ExtResource( 1 )
jump_power = 30.0

[node name="CameraPivot" type="Spatial" parent="."]

[node name="CameraBoom" type="SpringArm" parent="CameraPivot"]
transform = Transform( 1, 0, 0, 0, 1, 0, 0, 0, 1, 0, 1.5, 0 )
spring_length = 7.0

[node name="Camera" type="Camera" parent="CameraPivot/CameraBoom"]

[node name="MeshInstance" type="MeshInstance" parent="."]
transform = Transform( 1, 0, 0, 0, -1.62921e-07, -1, 0, 1, -1.62921e-07, 0, 0, 0 )
mesh = SubResource( 1 )
material/0 = null

[node name="CollisionShape" type="CollisionShape" parent="."]
transform = Transform( 1, 0, 0, 0, -1.62921e-07, -1, 0, 1, -1.62921e-07, 0, 0, 0 )
shape = SubResource( 2 )

[node name="DirectionalLight" type="DirectionalLight" parent="."]
transform = Transform( 1, 0, 0, 0, -4.37114e-08, 1, 0, -1, -4.37114e-08, 0, 11, 0 )

[node name="DirectionalLight2" type="DirectionalLight" parent="."]
transform = Transform( 1, 0, 0, 0, 0.197555, -0.980292, 0, 0.980292, 0.197555, 0, -9.95869, -0.776313 )

[node name="DirectionalLight3" type="DirectionalLight" parent="."]
transform = Transform( 1, 0, 0, 0, 0.834733, 0.550656, 0, -0.550656, 0.834733, 0, 0.703067, 12.2422 )

[node name="DirectionalLight4" type="DirectionalLight" parent="."]
transform = Transform( 1, 0, 0, 0, -0.282944, -0.959136, 0, 0.959136, -0.282944, 0, 0.703067, -21.5497 )
