[gd_scene load_steps=3 format=2]

[ext_resource path="res://Player/Player.tscn" type="PackedScene" id=1]

[sub_resource type="SpatialMaterial" id=1]
albedo_color = Color( 0, 0.0627451, 1, 1 )

[node name="World" type="Spatial"]

[node name="Player" parent="." instance=ExtResource( 1 )]
transform = Transform( 1, 0, 0, 0, 1, 0, 0, 0, 1, -15.001, 3.61106, 0.410537 )
collision_mask = 1
min_pitch = -70.0
max_pitch = 70.0

[node name="Node" type="Node" parent="."]

[node name="CSGBox2" type="CSGBox" parent="Node"]
transform = Transform( 1, 0, 0, 0, 1, 0, 0, 0, 1, -11.935, 1.50823, 3.32683 )
use_collision = true
width = 13.1899
height = 1.0241
depth = 15.2235
material = SubResource( 1 )

[node name="DirectionalLight" type="DirectionalLight" parent="Node/CSGBox2"]
transform = Transform( -0.537668, 0, 0.843157, 0.688523, 0.577202, 0.43906, -0.486672, 0.816601, -0.310343, -0.450527, 11.6146, -1.05754 )

[node name="CSGBox3" type="CSGBox" parent="Node"]
transform = Transform( 1, 0, 0, 0, 1, 0, 0, 0, 1, 0.487316, 4.16744, 14.816 )
use_collision = true
width = 12.617
height = 0.907451
depth = 13.2246
material = SubResource( 1 )

[node name="DirectionalLight" type="DirectionalLight" parent="Node/CSGBox3"]
transform = Transform( -0.537668, 0, 0.843157, 0.688523, 0.577202, 0.43906, -0.486672, 0.816601, -0.310343, -0.450527, 11.6146, -1.05754 )

[node name="CSGBox4" type="CSGBox" parent="Node"]
transform = Transform( 1, 0, 0, 0, 1, 0, 0, 0, 1, 15.5205, 7.54695, 6.02621 )
use_collision = true
width = 12.617
height = 0.907451
depth = 13.2246
material = SubResource( 1 )

[node name="DirectionalLight" type="DirectionalLight" parent="Node/CSGBox4"]
transform = Transform( -0.537668, 0, 0.843157, 0.688523, 0.577202, 0.43906, -0.486672, 0.816601, -0.310343, -0.450527, 11.6146, -1.05754 )

[node name="CSGBox6" type="CSGBox" parent="Node"]
transform = Transform( 1, 0, 0, 0, 1, 0, 0, 0, 1, 31.6061, 10.1958, 3.47067 )
use_collision = true
width = 12.617
height = 0.907451
depth = 13.2246
material = SubResource( 1 )

[node name="DirectionalLight" type="DirectionalLight" parent="Node/CSGBox6"]
transform = Transform( -0.537668, 0, 0.843157, 0.688523, 0.577202, 0.43906, -0.486672, 0.816601, -0.310343, -0.450527, 11.6146, -1.05754 )

[node name="CSGBox7" type="CSGBox" parent="Node"]
transform = Transform( 1, 0, 0, 0, 1, 0, 0, 0, 1, 47.9484, 13.7691, 3.47067 )
use_collision = true
width = 12.617
height = 0.907451
depth = 13.2246
material = SubResource( 1 )

[node name="DirectionalLight" type="DirectionalLight" parent="Node/CSGBox7"]
transform = Transform( -0.537668, 0, 0.843157, 0.688523, 0.577202, 0.43906, -0.486672, 0.816601, -0.310343, -0.450527, 11.6146, -1.05754 )

[node name="CSGBox8" type="CSGBox" parent="Node"]
transform = Transform( 1, 0, 0, 0, 1, 0, 0, 0, 1, 47.9484, 7.74088, -21.0544 )
use_collision = true
width = 12.617
height = 0.907451
depth = 13.2246
material = SubResource( 1 )

[node name="DirectionalLight" type="DirectionalLight" parent="Node/CSGBox8"]
transform = Transform( -0.537668, 0, 0.843157, 0.688523, 0.577202, 0.43906, -0.486672, 0.816601, -0.310343, -0.450527, 11.6146, -1.05754 )

[node name="CSGBox9" type="CSGBox" parent="Node"]
transform = Transform( 1, 0, 0, 0, 1, 0, 0, 0, 1, 63.633, 10.5788, -28.4837 )
use_collision = true
width = 12.617
height = 0.907451
depth = 13.2246
material = SubResource( 1 )

[node name="DirectionalLight" type="DirectionalLight" parent="Node/CSGBox9"]
transform = Transform( -0.537668, 0, 0.843157, 0.688523, 0.577202, 0.43906, -0.486672, 0.816601, -0.310343, -0.450527, 11.6146, -1.05754 )

[node name="CSGBox10" type="CSGBox" parent="Node"]
transform = Transform( 1, 0, 0, 0, 1, 0, 0, 0, 1, 63.633, 9.58986, -49.8817 )
use_collision = true
width = 12.617
height = 0.907451
depth = 13.2246
material = SubResource( 1 )

[node name="DirectionalLight" type="DirectionalLight" parent="Node/CSGBox10"]
transform = Transform( -0.537668, 0, 0.843157, 0.688523, 0.577202, 0.43906, -0.486672, 0.816601, -0.310343, -0.450527, 11.6146, -1.05754 )

[node name="CSGBox11" type="CSGBox" parent="Node"]
transform = Transform( 1, 0, 0, 0, 0.58459, 0.811329, 0, -0.811329, 0.58459, 39.7735, 9.58986, -61.4219 )
use_collision = true
width = 12.617
height = 0.907451
depth = 13.2246
material = SubResource( 1 )

[node name="DirectionalLight" type="DirectionalLight" parent="Node/CSGBox11"]
transform = Transform( -0.537668, 0, 0.843157, 0.688523, 0.577202, 0.43906, -0.486672, 0.816601, -0.310343, -0.450527, 11.6146, -1.05754 )

[node name="CSGBox14" type="CSGBox" parent="Node"]
transform = Transform( 1, 0, 0, 0, 1, 0, 0, 0, 1, 15.9368, 9.58986, -38.6408 )
use_collision = true
width = 12.617
height = 0.907451
depth = 13.2246
material = SubResource( 1 )

[node name="DirectionalLight" type="DirectionalLight" parent="Node/CSGBox14"]
transform = Transform( -0.537668, 0, 0.843157, 0.688523, 0.577202, 0.43906, -0.486672, 0.816601, -0.310343, -0.450527, 11.6146, -1.05754 )

[node name="CSGBox12" type="CSGBox" parent="Node"]
transform = Transform( 1, 0, 0, 0, 1, 0, 0, 0, 1, 16.8663, 2.54952, -49.8817 )
use_collision = true
width = 17.0513
height = 105.413
depth = 13.2246
material = SubResource( 1 )

[node name="DirectionalLight" type="DirectionalLight" parent="Node/CSGBox12"]
transform = Transform( -0.537668, 0, 0.843157, 0.688523, 0.577202, 0.43906, -0.486672, 0.816601, -0.310343, -0.450527, 11.6146, -1.05754 )

[node name="CSGBox13" type="CSGBox" parent="Node"]
transform = Transform( 1, 0, 0, 0, 1, 0, 0, 0, 1, -7.48502, 12.988, -49.8817 )
use_collision = true
width = 12.617
height = 0.907451
depth = 13.2246
material = SubResource( 1 )

[node name="DirectionalLight" type="DirectionalLight" parent="Node/CSGBox13"]
transform = Transform( -0.537668, 0, 0.843157, 0.688523, 0.577202, 0.43906, -0.486672, 0.816601, -0.310343, -0.450527, 11.6146, -1.05754 )

[node name="CSGBox5" type="CSGBox" parent="Node"]
transform = Transform( 1, 0, 0, 0, 1, 0, 0, 0, 1, 15.5205, 8.13199, -12.8764 )
use_collision = true
width = 3.66462
height = 13.7308
depth = 13.2246
material = SubResource( 1 )

[node name="DirectionalLight" type="DirectionalLight" parent="Node/CSGBox5"]
transform = Transform( -0.537668, 0, 0.843157, 0.688523, 0.577202, 0.43906, -0.486672, 0.816601, -0.310343, -0.450527, 11.6146, -1.05754 )
