[gd_scene load_steps=4 format=2]

[ext_resource path="res://Player/Player.tscn" type="PackedScene" id=1]

[sub_resource type="SpatialMaterial" id=2]
albedo_color = Color( 1, 0, 0, 1 )

[sub_resource type="SpatialMaterial" id=1]
albedo_color = Color( 0, 0.0627451, 1, 1 )

[node name="World" type="Spatial"]

[node name="Player" parent="." instance=ExtResource( 1 )]
transform = Transform( 1, 0, 0, 0, 1, 0, 0, 0, 1, -0.906652, 2.30764, 0.157429 )
min_pitch = -70.0
max_pitch = 70.0

[node name="CSGBox" type="CSGBox" parent="."]
transform = Transform( 1, 0, 0, 0, 1, 0, 0, 0, 1, -0.205627, -0.752242, -0.15468 )
use_collision = true
width = 78.0377
depth = 52.1512
material = SubResource( 2 )

[node name="DirectionalLight" type="DirectionalLight" parent="CSGBox"]
transform = Transform( -0.537668, 0, 0.843157, 0.688523, 0.577202, 0.43906, -0.486672, 0.816601, -0.310343, -0.450527, 11.6146, -1.05754 )

[node name="CSGBox2" type="CSGBox" parent="."]
transform = Transform( 1, 0, 0, 0, 1, 0, 0, 0, 1, -11.935, 1.50823, 3.32683 )
use_collision = true
width = 13.1899
height = 1.0241
depth = 15.2235
material = SubResource( 1 )

[node name="DirectionalLight" type="DirectionalLight" parent="CSGBox2"]
transform = Transform( -0.537668, 0, 0.843157, 0.688523, 0.577202, 0.43906, -0.486672, 0.816601, -0.310343, -0.450527, 11.6146, -1.05754 )

[node name="CSGBox3" type="CSGBox" parent="."]
transform = Transform( 1, 0, 0, 0, 1, 0, 0, 0, 1, 0.487316, 4.16744, 14.816 )
use_collision = true
width = 12.617
height = 0.907451
depth = 13.2246
material = SubResource( 1 )

[node name="DirectionalLight" type="DirectionalLight" parent="CSGBox3"]
transform = Transform( -0.537668, 0, 0.843157, 0.688523, 0.577202, 0.43906, -0.486672, 0.816601, -0.310343, -0.450527, 11.6146, -1.05754 )

[node name="CSGBox4" type="CSGBox" parent="."]
transform = Transform( 1, 0, 0, 0, 1, 0, 0, 0, 1, 15.5205, 4.80954, 6.02621 )
use_collision = true
width = 12.617
height = 0.907451
depth = 13.2246
material = SubResource( 1 )

[node name="DirectionalLight" type="DirectionalLight" parent="CSGBox4"]
transform = Transform( -0.537668, 0, 0.843157, 0.688523, 0.577202, 0.43906, -0.486672, 0.816601, -0.310343, -0.450527, 11.6146, -1.05754 )

[node name="CSGBox5" type="CSGBox" parent="."]
transform = Transform( 1, 0, 0, 0, 1, 0, 0, 0, 1, 15.5205, 8.13199, -12.8764 )
use_collision = true
width = 3.66462
height = 13.7308
depth = 13.2246
material = SubResource( 1 )

[node name="DirectionalLight" type="DirectionalLight" parent="CSGBox5"]
transform = Transform( -0.537668, 0, 0.843157, 0.688523, 0.577202, 0.43906, -0.486672, 0.816601, -0.310343, -0.450527, 11.6146, -1.05754 )
